220 221 216 225 216 223 220 219 223 214 221 214 224 220 223 218
218 226 215 221 223 216 224 219 220 221 224 221 217 218 217 223
218 219  25  22  19  14  20  19  18  21  13  19  20  26 218 220
225 227  13  21  21  24  23  20  15  24  21  19  25  20 217 224
219 209 172 166 161 162 168 166 167 165 162 167  19  19 221 214
221 216 164 168 164 169 165 160 166 168 164 162  21  13 224 221
224 220   0   0   0   5   3   4   0   0 168 165  24  20 221 214
218 224   0   0   3   0   1   0   0   0 166 167  15  18 220 223
225 211 135 132 124 255 253 255   0   4 160 166  20  19 219 219
224 220 131 123 127 255 255 253   1   3 165 168  23  20 224 220
217 222 125 124 141 245 255 255   0   5 169 162  24  14 216 223
219 224 128 129 120 141 127 124   3   0 164 161  21  19 223 216
222 219 131 135 129 124 123 132   0   1 168 166  21  22 221 225
220 210 139 131 128 125 131 135   0   0 164 172  13  25 215 216
218 223 210 219 224 222 220 211 224 220 216 209 227 219 226 221
221 218 220 222 219 217 224 225 218 224 221 219 225 218 218 220
220 221 216 225 216 223 220 219 223 214 221 214 224 220 223 218
218 226 215 221 223 216 224 219 220 221 224 221 217 218 217 223
218 219  25  22  19  14  20  19  18  21  13  19  20  26 218 220
225 227  13  21  21  24  23  20  15  24  21  19  25  20 217 224
219 209 172 166 161 162 168 166 167 165 162 167  19  19 221 214
221 216 164 168 164 169 165 160 166 168 164 162  21  13 224 221
224 220   0   0   0   5   3   4   0   0 168 165  24  20 221 214
218 224   0   0   3   0   1   0   0   0 166 167  15  18 220 223
225 211 135 132 124 255 253 255   0   4 160 166  20  19 219 219
224 220 131 123 127 255 255 253   1   3 165 168  23  20 224 220
217 222 125 124 141 245 255 255   0   5 169 162  24  14 216 223
219 224 128 129 120 141 127 124   3   0 164 161  21  19 223 216
222 219 131 135 129 124 123 132   0   1 168 166  21  22 221 225
220 210 139 131 128 125 131 135   0   0 164 172  13  25 215 216
218 223 210 219 224 222 220 211 224 220 216 209 227 219 226 221
221 218 220 222 219 217 224 225 218 224 221 219 225 218 218 220
220 221 216 225 216 223 220 219 223 214 221 214 224 220 223 218
218 226 215 221 223 216 224 219 220 221 224 221 217 218 217 223
218 219  25  22  19  14  20  19  18  21  13  19  20  26 218 220
225 227  13  21  21  24  23  20  15  24  21  19  25  20 217 224
219 209 172 166 161 162 168 166 167 165 162 167  19  19 221 214
221 216 164 168 164 169 165 160 166 168 164 162  21  13 224 221
224 220   0   0   0   5   3   4   0   0 168 165  24  20 221 214
218 224   0   0   3   0   1   0   0   0 166 167  15  18 220 223
225 211 135 132 124 255 253 255   0   4 160 166  20  19 219 219
224 220 131 123 127 255 255 253   1   3 165 168  23  20 224 220
217 222 125 124 141 245 255 255   0   5 169 162  24  14 216 223
219 224 128 129 120 141 127 124   3   0 164 161  21  19 223 216
222 219 131 135 129 124 123 132   0   1 168 166  21  22 221 225
220 210 139 131 128 125 131 135   0   0 164 172  13  25 215 216
218 223 210 219 224 222 220 211 224 220 216 209 227 219 226 221
221 218 220 222 219 217 224 225 218 224 221 219 225 218 218 220

218 223 220 224 214 221 214 223 219 220 223 216 225 216 221 220
223 217 218 217 221 224 221 220 219 224 216 223 221 215 226 218
220 218  26  20  19  13  20  18  19  20  14  19  22  25 219 218
224 217  20  25  19  21  24  15  20  23  24  21  21  13 227 225
214 221  19  19 167 162 165 167 166 168 162 161 166 172 209 219
221 224  13  21 162 164 168 166 160 165 169 164 168 164 216 221
214 221  21  24 165 168   0   0   4   3   5   0   1   0 220 224
223 220  18  15 167 166   0   0   0   1   0   3   0   0 224 218
219 219  19  20 166 160   4   0 255 253 255 124 132 135 211 225
220 224  20  23 168 165   3   1 253 255 255 127 123 131 220 224
223 216  14  24 162 169   5   0 255 255 245 141 124 125 222 217
216 223  19  21 161 164   0   3 124 127 141 120 129 128 224 219
225 221  22  21 166 168   0   0 132 123 124 129 135 131 219 222
216 215  25  13 172 164   0   0 135 131 125 128 131 139 210 220
221 226 219 227 209 216 220 224 211 220 222 224 219 210 223 218
220 218 218 225 219 221 224 218 225 224 217 219 222 220 218 221
218 223 220 224 214 221 214 223 219 220 223 216 225 216 221 220
223 217 218 217 221 224 221 220 219 224 216 223 221 215 226 218
220 218  26  20  19  13  20  18  19  20  14  19  22  25 219 218
224 217  20  25  19  21  24  15  20  23  24  21  21  13 227 225
214 221  19  19 167 162 165 167 166 168 162 161 166 172 209 219
221 224  13  21 162 164 168 166 160 165 169 164 168 164 216 221
214 221  21  24 165 168   0   0   4   3   5   0   1   0 220 224
223 220  18  15 167 166   0   0   0   1   0   3   0   0 224 218
219 219  19  20 166 160   4   0 255 253 255 124 132 135 211 225
220 224  20  23 168 165   3   1 253 255 255 127 123 131 220 224
223 216  14  24 162 169   5   0 255 255 245 141 124 125 222 217
216 223  19  21 161 164   0   3 124 127 141 120 129 128 224 219
225 221  22  21 166 168   0   0 132 123 124 129 135 131 219 222
216 215  25  13 172 164   0   0 135 131 125 128 131 139 210 220
221 226 219 227 209 216 220 224 211 220 222 224 219 210 223 218
220 218 218 225 219 221 224 218 225 224 217 219 222 220 218 221
218 223 220 224 214 221 214 223 219 220 223 216 225 216 221 220
223 217 218 217 221 224 221 220 219 224 216 223 221 215 226 218
220 218  26  20  19  13  20  18  19  20  14  19  22  25 219 218
224 217  20  25  19  21  24  15  20  23  24  21  21  13 227 225
214 221  19  19 167 162 165 167 166 168 162 161 166 172 209 219
221 224  13  21 162 164 168 166 160 165 169 164 168 164 216 221
214 221  21  24 165 168   0   0   4   3   5   0   1   0 220 224
223 220  18  15 167 166   0   0   0   1   0   3   0   0 224 218
219 219  19  20 166 160   4   0 255 253 255 124 132 135 211 225
220 224  20  23 168 165   3   1 253 255 255 127 123 131 220 224
223 216  14  24 162 169   5   0 255 255 245 141 124 125 222 217
216 223  19  21 161 164   0   3 124 127 141 120 129 128 224 219
225 221  22  21 166 168   0   0 132 123 124 129 135 131 219 222
216 215  25  13 172 164   0   0 135 131 125 128 131 139 210 220
221 226 219 227 209 216 220 224 211 220 222 224 219 210 223 218
220 218 218 225 219 221 224 218 225 224 217 219 222 220 218 221

220 218 218 225 219 221 224 218 225 224 217 219 222 220 218 221
221 226 219 227 209 216 220 224 211 220 222 224 219 210 223 218
216 215  25  13 172 164   0   0 135 131 125 128 131 139 210 220
225 221  22  21 166 168   1   0 132 123 124 129 135 131 219 222
216 223  19  21 161 164   0   3 124 127 141 120 129 128 224 219
223 216  14  24 162 169   5   0 255 255 245 141 124 125 222 217
220 224  20  23 168 165   3   1 253 255 255 127 123 131 220 224
219 219  19  20 166 160   4   0 255 253 255 124 132 135 211 225
223 220  18  15 167 166   0   0   0   1   0   3   0   0 224 218
214 221  20  24 165 168   0   0   4   3   5   0   0   0 220 224
221 224  13  21 162 164 168 166 160 165 169 164 168 164 216 221
214 221  19  19 167 162 165 167 166 168 162 161 166 172 209 219
224 217  20  25  19  21  24  15  20  23  24  21  21  13 227 225
220 218  26  20  19  13  21  18  19  20  14  19  22  25 219 218
223 217 218 217 221 224 221 220 219 224 216 223 221 215 226 218
218 223 220 224 214 221 214 223 219 220 223 216 225 216 221 220
220 218 218 225 219 221 224 218 225 224 217 219 222 220 218 221
221 226 219 227 209 216 220 224 211 220 222 224 219 210 223 218
216 215  25  13 172 164   0   0 135 131 125 128 131 139 210 220
225 221  22  21 166 168   1   0 132 123 124 129 135 131 219 222
216 223  19  21 161 164   0   3 124 127 141 120 129 128 224 219
223 216  14  24 162 169   5   0 255 255 245 141 124 125 222 217
220 224  20  23 168 165   3   1 253 255 255 127 123 131 220 224
219 219  19  20 166 160   4   0 255 253 255 124 132 135 211 225
223 220  18  15 167 166   0   0   0   1   0   3   0   0 224 218
214 221  20  24 165 168   0   0   4   3   5   0   0   0 220 224
221 224  13  21 162 164 168 166 160 165 169 164 168 164 216 221
214 221  19  19 167 162 165 167 166 168 162 161 166 172 209 219
224 217  20  25  19  21  24  15  20  23  24  21  21  13 227 225
220 218  26  20  19  13  21  18  19  20  14  19  22  25 219 218
223 217 218 217 221 224 221 220 219 224 216 223 221 215 226 218
218 223 220 224 214 221 214 223 219 220 223 216 225 216 221 220
220 218 218 225 219 221 224 218 225 224 217 219 222 220 218 221
221 226 219 227 209 216 220 224 211 220 222 224 219 210 223 218
216 215  25  13 172 164   0   0 135 131 125 128 131 139 210 220
225 221  22  21 166 168   1   0 132 123 124 129 135 131 219 222
216 223  19  21 161 164   0   3 124 127 141 120 129 128 224 219
223 216  14  24 162 169   5   0 255 255 245 141 124 125 222 217
220 224  20  23 168 165   3   1 253 255 255 127 123 131 220 224
219 219  19  20 166 160   4   0 255 253 255 124 132 135 211 225
223 220  18  15 167 166   0   0   0   1   0   3   0   0 224 218
214 221  20  24 165 168   0   0   4   3   5   0   0   0 220 224
221 224  13  21 162 164 168 166 160 165 169 164 168 164 216 221
214 221  19  19 167 162 165 167 166 168 162 161 166 172 209 219
224 217  20  25  19  21  24  15  20  23  24  21  21  13 227 225
220 218  26  20  19  13  21  18  19  20  14  19  22  25 219 218
223 217 218 217 221 224 221 220 219 224 216 223 221 215 226 218
218 223 220 224 214 221 214 223 219 220 223 216 225 216 221 220

221 218 220 222 219 217 224 225 218 224 221 219 225 218 218 220
218 223 210 219 224 222 220 211 224 220 216 209 227 219 226 221
220 210 139 131 128 125 131 135   0   0 164 172  13  25 215 216
222 219 131 135 129 124 123 132   0   0 168 166  21  22 221 225
219 224 128 129 120 141 127 124   3   0 164 161  21  19 223 216
217 222 125 124 141 245 255 255   0   5 169 162  24  14 216 223
224 220 131 123 127 255 255 253   1   3 165 168  23  20 224 220
225 211 135 132 124 255 253 255   0   4 160 166  20  19 219 219
218 224   0   0   3   0   1   0   0   0 166 167  15  18 220 223
224 220   0   1   0   5   3   4   0   0 168 165  24  21 221 214
221 216 164 168 164 169 165 160 166 168 164 162  21  13 224 221
219 209 172 166 161 162 168 166 167 165 162 167  19  19 221 214
225 227  13  21  21  24  23  20  15  24  21  19  25  20 217 224
218 219  25  22  19  14  20  19  18  20  13  19  20  26 218 220
218 226 215 221 223 216 224 219 220 221 224 221 217 218 217 223
220 221 216 225 216 223 220 219 223 214 221 214 224 220 223 218
221 218 220 222 219 217 224 225 218 224 221 219 225 218 218 220
218 223 210 219 224 222 220 211 224 220 216 209 227 219 226 221
220 210 139 131 128 125 131 135   0   0 164 172  13  25 215 216
222 219 131 135 129 124 123 132   0   0 168 166  21  22 221 225
219 224 128 129 120 141 127 124   3   0 164 161  21  19 223 216
217 222 125 124 141 245 255 255   0   5 169 162  24  14 216 223
224 220 131 123 127 255 255 253   1   3 165 168  23  20 224 220
225 211 135 132 124 255 253 255   0   4 160 166  20  19 219 219
218 224   0   0   3   0   1   0   0   0 166 167  15  18 220 223
224 220   0   1   0   5   3   4   0   0 168 165  24  21 221 214
221 216 164 168 164 169 165 160 166 168 164 162  21  13 224 221
219 209 172 166 161 162 168 166 167 165 162 167  19  19 221 214
225 227  13  21  21  24  23  20  15  24  21  19  25  20 217 224
218 219  25  22  19  14  20  19  18  20  13  19  20  26 218 220
218 226 215 221 223 216 224 219 220 221 224 221 217 218 217 223
220 221 216 225 216 223 220 219 223 214 221 214 224 220 223 218
221 218 220 222 219 217 224 225 218 224 221 219 225 218 218 220
218 223 210 219 224 222 220 211 224 220 216 209 227 219 226 221
220 210 139 131 128 125 131 135   0   0 164 172  13  25 215 216
222 219 131 135 129 124 123 132   0   0 168 166  21  22 221 225
219 224 128 129 120 141 127 124   3   0 164 161  21  19 223 216
217 222 125 124 141 245 255 255   0   5 169 162  24  14 216 223
224 220 131 123 127 255 255 253   1   3 165 168  23  20 224 220
225 211 135 132 124 255 253 255   0   4 160 166  20  19 219 219
218 224   0   0   3   0   1   0   0   0 166 167  15  18 220 223
224 220   0   1   0   5   3   4   0   0 168 165  24  21 221 214
221 216 164 168 164 169 165 160 166 168 164 162  21  13 224 221
219 209 172 166 161 162 168 166 167 165 162 167  19  19 221 214
225 227  13  21  21  24  23  20  15  24  21  19  25  20 217 224
218 219  25  22  19  14  20  19  18  20  13  19  20  26 218 220
218 226 215 221 223 216 224 219 220 221 224 221 217 218 217 223
220 221 216 225 216 223 220 219 223 214 221 214 224 220 223 218
